{
 "cells": [
  {
   "cell_type": "code",
   "execution_count": 1,
   "metadata": {
    "collapsed": true
   },
   "outputs": [],
   "source": [
    "import pandas as pd\n",
    "import numpy as np\n",
    "from sklearn.metrics.pairwise import euclidean_distances\n",
    "import matplotlib.pyplot as plt\n",
    "%matplotlib inline"
   ]
  },
  {
   "cell_type": "code",
   "execution_count": 45,
   "metadata": {
    "collapsed": false
   },
   "outputs": [
    {
     "name": "stdout",
     "output_type": "stream",
     "text": [
      "(49352, 45) (74659, 44)\n"
     ]
    }
   ],
   "source": [
    "train = pd.read_pickle('../input/' + 'train_2017-02-16-20-51.pkl')\n",
    "test = pd.read_pickle('../input/' + 'test_2017-02-16-20-51.pkl')\n",
    "features_to_use = pd.read_pickle('../input/' + 'featurestouse_2017-02-16-20-51.pkl')\n",
    "# sparse_cols = pd.read_pickle('../input/' + 'sparse_2017-02-16-20-51.pkl')\n",
    "tr_sparse = pd.read_pickle('../input/' + 'tr_sparse_2017-02-16-20-51.pkl')\n",
    "te_sparse = pd.read_pickle('../input/' + 'te_sparse_2017-02-16-20-51.pkl')\n",
    "\n",
    "\n",
    "test_listing = pd.read_pickle('../input/' + 'listing_id.pkl')\n",
    "\n",
    "train_y = pd.read_pickle('../input/' + 'y_2017-02-16-20-51.pkl') \n",
    "print train.shape, test.shape"
   ]
  },
  {
   "cell_type": "code",
   "execution_count": 46,
   "metadata": {
    "collapsed": false
   },
   "outputs": [
    {
     "data": {
      "text/html": [
       "<div>\n",
       "<table border=\"1\" class=\"dataframe\">\n",
       "  <thead>\n",
       "    <tr style=\"text-align: right;\">\n",
       "      <th></th>\n",
       "      <th>latitude</th>\n",
       "      <th>longitude</th>\n",
       "      <th>interest_level</th>\n",
       "    </tr>\n",
       "  </thead>\n",
       "  <tbody>\n",
       "    <tr>\n",
       "      <th>0</th>\n",
       "      <td>40.7145</td>\n",
       "      <td>-73.9425</td>\n",
       "      <td>medium</td>\n",
       "    </tr>\n",
       "    <tr>\n",
       "      <th>1</th>\n",
       "      <td>40.7947</td>\n",
       "      <td>-73.9667</td>\n",
       "      <td>low</td>\n",
       "    </tr>\n",
       "    <tr>\n",
       "      <th>2</th>\n",
       "      <td>40.7388</td>\n",
       "      <td>-74.0018</td>\n",
       "      <td>high</td>\n",
       "    </tr>\n",
       "    <tr>\n",
       "      <th>3</th>\n",
       "      <td>40.7539</td>\n",
       "      <td>-73.9677</td>\n",
       "      <td>low</td>\n",
       "    </tr>\n",
       "    <tr>\n",
       "      <th>4</th>\n",
       "      <td>40.8241</td>\n",
       "      <td>-73.9493</td>\n",
       "      <td>low</td>\n",
       "    </tr>\n",
       "    <tr>\n",
       "      <th>5</th>\n",
       "      <td>40.7429</td>\n",
       "      <td>-74.0028</td>\n",
       "      <td>medium</td>\n",
       "    </tr>\n",
       "    <tr>\n",
       "      <th>6</th>\n",
       "      <td>40.8012</td>\n",
       "      <td>-73.9660</td>\n",
       "      <td>low</td>\n",
       "    </tr>\n",
       "    <tr>\n",
       "      <th>7</th>\n",
       "      <td>40.7427</td>\n",
       "      <td>-73.9957</td>\n",
       "      <td>low</td>\n",
       "    </tr>\n",
       "    <tr>\n",
       "      <th>8</th>\n",
       "      <td>40.8234</td>\n",
       "      <td>-73.9457</td>\n",
       "      <td>medium</td>\n",
       "    </tr>\n",
       "    <tr>\n",
       "      <th>9</th>\n",
       "      <td>40.7278</td>\n",
       "      <td>-73.9808</td>\n",
       "      <td>low</td>\n",
       "    </tr>\n",
       "    <tr>\n",
       "      <th>10</th>\n",
       "      <td>40.7769</td>\n",
       "      <td>-73.9467</td>\n",
       "      <td>low</td>\n",
       "    </tr>\n",
       "  </tbody>\n",
       "</table>\n",
       "</div>"
      ],
      "text/plain": [
       "    latitude  longitude interest_level\n",
       "0    40.7145   -73.9425         medium\n",
       "1    40.7947   -73.9667            low\n",
       "2    40.7388   -74.0018           high\n",
       "3    40.7539   -73.9677            low\n",
       "4    40.8241   -73.9493            low\n",
       "5    40.7429   -74.0028         medium\n",
       "6    40.8012   -73.9660            low\n",
       "7    40.7427   -73.9957            low\n",
       "8    40.8234   -73.9457         medium\n",
       "9    40.7278   -73.9808            low\n",
       "10   40.7769   -73.9467            low"
      ]
     },
     "execution_count": 46,
     "metadata": {},
     "output_type": "execute_result"
    }
   ],
   "source": [
    "train.loc[:10,['latitude','longitude','interest_level']]"
   ]
  },
  {
   "cell_type": "code",
   "execution_count": 47,
   "metadata": {
    "collapsed": false
   },
   "outputs": [],
   "source": [
    "tmp = euclidean_distances(train.loc[:10,['latitude','longitude']], train.loc[:10,['latitude','longitude']])"
   ]
  },
  {
   "cell_type": "code",
   "execution_count": 48,
   "metadata": {
    "collapsed": false
   },
   "outputs": [
    {
     "data": {
      "text/html": [
       "<div>\n",
       "<table border=\"1\" class=\"dataframe\">\n",
       "  <thead>\n",
       "    <tr style=\"text-align: right;\">\n",
       "      <th></th>\n",
       "      <th>0</th>\n",
       "      <th>1</th>\n",
       "      <th>2</th>\n",
       "      <th>3</th>\n",
       "      <th>4</th>\n",
       "      <th>5</th>\n",
       "      <th>6</th>\n",
       "      <th>7</th>\n",
       "      <th>8</th>\n",
       "      <th>9</th>\n",
       "      <th>10</th>\n",
       "    </tr>\n",
       "  </thead>\n",
       "  <tbody>\n",
       "    <tr>\n",
       "      <th>0</th>\n",
       "      <td>0.000000</td>\n",
       "      <td>0.083772</td>\n",
       "      <td>0.064086</td>\n",
       "      <td>0.046770</td>\n",
       "      <td>0.109811</td>\n",
       "      <td>0.066653</td>\n",
       "      <td>0.089828</td>\n",
       "      <td>0.060212</td>\n",
       "      <td>0.108947</td>\n",
       "      <td>0.040544</td>\n",
       "      <td>0.062541</td>\n",
       "    </tr>\n",
       "    <tr>\n",
       "      <th>1</th>\n",
       "      <td>0.083772</td>\n",
       "      <td>0.000000</td>\n",
       "      <td>0.066006</td>\n",
       "      <td>0.040812</td>\n",
       "      <td>0.034163</td>\n",
       "      <td>0.063138</td>\n",
       "      <td>0.006538</td>\n",
       "      <td>0.059540</td>\n",
       "      <td>0.035562</td>\n",
       "      <td>0.068370</td>\n",
       "      <td>0.026774</td>\n",
       "    </tr>\n",
       "    <tr>\n",
       "      <th>2</th>\n",
       "      <td>0.064086</td>\n",
       "      <td>0.066006</td>\n",
       "      <td>0.000000</td>\n",
       "      <td>0.037294</td>\n",
       "      <td>0.100162</td>\n",
       "      <td>0.004220</td>\n",
       "      <td>0.071940</td>\n",
       "      <td>0.007240</td>\n",
       "      <td>0.101510</td>\n",
       "      <td>0.023707</td>\n",
       "      <td>0.066990</td>\n",
       "    </tr>\n",
       "    <tr>\n",
       "      <th>3</th>\n",
       "      <td>0.046770</td>\n",
       "      <td>0.040812</td>\n",
       "      <td>0.037294</td>\n",
       "      <td>0.000000</td>\n",
       "      <td>0.072571</td>\n",
       "      <td>0.036783</td>\n",
       "      <td>0.047331</td>\n",
       "      <td>0.030157</td>\n",
       "      <td>0.072899</td>\n",
       "      <td>0.029203</td>\n",
       "      <td>0.031145</td>\n",
       "    </tr>\n",
       "    <tr>\n",
       "      <th>4</th>\n",
       "      <td>0.109811</td>\n",
       "      <td>0.034163</td>\n",
       "      <td>0.100162</td>\n",
       "      <td>0.072571</td>\n",
       "      <td>0.000000</td>\n",
       "      <td>0.097240</td>\n",
       "      <td>0.028343</td>\n",
       "      <td>0.093696</td>\n",
       "      <td>0.003667</td>\n",
       "      <td>0.101321</td>\n",
       "      <td>0.047272</td>\n",
       "    </tr>\n",
       "    <tr>\n",
       "      <th>5</th>\n",
       "      <td>0.066653</td>\n",
       "      <td>0.063138</td>\n",
       "      <td>0.004220</td>\n",
       "      <td>0.036783</td>\n",
       "      <td>0.097240</td>\n",
       "      <td>0.000000</td>\n",
       "      <td>0.068943</td>\n",
       "      <td>0.007103</td>\n",
       "      <td>0.098695</td>\n",
       "      <td>0.026684</td>\n",
       "      <td>0.065599</td>\n",
       "    </tr>\n",
       "    <tr>\n",
       "      <th>6</th>\n",
       "      <td>0.089828</td>\n",
       "      <td>0.006538</td>\n",
       "      <td>0.071940</td>\n",
       "      <td>0.047331</td>\n",
       "      <td>0.028343</td>\n",
       "      <td>0.068943</td>\n",
       "      <td>0.000000</td>\n",
       "      <td>0.065607</td>\n",
       "      <td>0.030082</td>\n",
       "      <td>0.074877</td>\n",
       "      <td>0.031032</td>\n",
       "    </tr>\n",
       "    <tr>\n",
       "      <th>7</th>\n",
       "      <td>0.060212</td>\n",
       "      <td>0.059540</td>\n",
       "      <td>0.007240</td>\n",
       "      <td>0.030157</td>\n",
       "      <td>0.093696</td>\n",
       "      <td>0.007103</td>\n",
       "      <td>0.065607</td>\n",
       "      <td>0.000000</td>\n",
       "      <td>0.094934</td>\n",
       "      <td>0.021072</td>\n",
       "      <td>0.059755</td>\n",
       "    </tr>\n",
       "    <tr>\n",
       "      <th>8</th>\n",
       "      <td>0.108947</td>\n",
       "      <td>0.035562</td>\n",
       "      <td>0.101510</td>\n",
       "      <td>0.072899</td>\n",
       "      <td>0.003667</td>\n",
       "      <td>0.098695</td>\n",
       "      <td>0.030082</td>\n",
       "      <td>0.094934</td>\n",
       "      <td>0.000000</td>\n",
       "      <td>0.101840</td>\n",
       "      <td>0.046511</td>\n",
       "    </tr>\n",
       "    <tr>\n",
       "      <th>9</th>\n",
       "      <td>0.040544</td>\n",
       "      <td>0.068370</td>\n",
       "      <td>0.023707</td>\n",
       "      <td>0.029203</td>\n",
       "      <td>0.101321</td>\n",
       "      <td>0.026684</td>\n",
       "      <td>0.074877</td>\n",
       "      <td>0.021072</td>\n",
       "      <td>0.101840</td>\n",
       "      <td>0.000000</td>\n",
       "      <td>0.059780</td>\n",
       "    </tr>\n",
       "    <tr>\n",
       "      <th>10</th>\n",
       "      <td>0.062541</td>\n",
       "      <td>0.026774</td>\n",
       "      <td>0.066990</td>\n",
       "      <td>0.031145</td>\n",
       "      <td>0.047272</td>\n",
       "      <td>0.065599</td>\n",
       "      <td>0.031032</td>\n",
       "      <td>0.059755</td>\n",
       "      <td>0.046511</td>\n",
       "      <td>0.059780</td>\n",
       "      <td>0.000000</td>\n",
       "    </tr>\n",
       "  </tbody>\n",
       "</table>\n",
       "</div>"
      ],
      "text/plain": [
       "          0         1         2         3         4         5         6   \\\n",
       "0   0.000000  0.083772  0.064086  0.046770  0.109811  0.066653  0.089828   \n",
       "1   0.083772  0.000000  0.066006  0.040812  0.034163  0.063138  0.006538   \n",
       "2   0.064086  0.066006  0.000000  0.037294  0.100162  0.004220  0.071940   \n",
       "3   0.046770  0.040812  0.037294  0.000000  0.072571  0.036783  0.047331   \n",
       "4   0.109811  0.034163  0.100162  0.072571  0.000000  0.097240  0.028343   \n",
       "5   0.066653  0.063138  0.004220  0.036783  0.097240  0.000000  0.068943   \n",
       "6   0.089828  0.006538  0.071940  0.047331  0.028343  0.068943  0.000000   \n",
       "7   0.060212  0.059540  0.007240  0.030157  0.093696  0.007103  0.065607   \n",
       "8   0.108947  0.035562  0.101510  0.072899  0.003667  0.098695  0.030082   \n",
       "9   0.040544  0.068370  0.023707  0.029203  0.101321  0.026684  0.074877   \n",
       "10  0.062541  0.026774  0.066990  0.031145  0.047272  0.065599  0.031032   \n",
       "\n",
       "          7         8         9         10  \n",
       "0   0.060212  0.108947  0.040544  0.062541  \n",
       "1   0.059540  0.035562  0.068370  0.026774  \n",
       "2   0.007240  0.101510  0.023707  0.066990  \n",
       "3   0.030157  0.072899  0.029203  0.031145  \n",
       "4   0.093696  0.003667  0.101321  0.047272  \n",
       "5   0.007103  0.098695  0.026684  0.065599  \n",
       "6   0.065607  0.030082  0.074877  0.031032  \n",
       "7   0.000000  0.094934  0.021072  0.059755  \n",
       "8   0.094934  0.000000  0.101840  0.046511  \n",
       "9   0.021072  0.101840  0.000000  0.059780  \n",
       "10  0.059755  0.046511  0.059780  0.000000  "
      ]
     },
     "execution_count": 48,
     "metadata": {},
     "output_type": "execute_result"
    }
   ],
   "source": [
    "tmp1= pd.DataFrame(tmp)\n",
    "tmp1"
   ]
  },
  {
   "cell_type": "code",
   "execution_count": 49,
   "metadata": {
    "collapsed": false
   },
   "outputs": [
    {
     "data": {
      "text/html": [
       "<div>\n",
       "<table border=\"1\" class=\"dataframe\">\n",
       "  <thead>\n",
       "    <tr style=\"text-align: right;\">\n",
       "      <th></th>\n",
       "      <th>0</th>\n",
       "      <th>1</th>\n",
       "      <th>2</th>\n",
       "      <th>3</th>\n",
       "      <th>4</th>\n",
       "      <th>5</th>\n",
       "      <th>6</th>\n",
       "      <th>7</th>\n",
       "      <th>8</th>\n",
       "      <th>9</th>\n",
       "      <th>10</th>\n",
       "    </tr>\n",
       "  </thead>\n",
       "  <tbody>\n",
       "    <tr>\n",
       "      <th>0</th>\n",
       "      <td>0.0</td>\n",
       "      <td>0.040544</td>\n",
       "      <td>0.046770</td>\n",
       "      <td>0.060212</td>\n",
       "      <td>0.062541</td>\n",
       "      <td>0.064086</td>\n",
       "      <td>0.066653</td>\n",
       "      <td>0.083772</td>\n",
       "      <td>0.089828</td>\n",
       "      <td>0.108947</td>\n",
       "      <td>0.109811</td>\n",
       "    </tr>\n",
       "    <tr>\n",
       "      <th>1</th>\n",
       "      <td>0.0</td>\n",
       "      <td>0.006538</td>\n",
       "      <td>0.026774</td>\n",
       "      <td>0.034163</td>\n",
       "      <td>0.035562</td>\n",
       "      <td>0.040812</td>\n",
       "      <td>0.059540</td>\n",
       "      <td>0.063138</td>\n",
       "      <td>0.066006</td>\n",
       "      <td>0.068370</td>\n",
       "      <td>0.083772</td>\n",
       "    </tr>\n",
       "    <tr>\n",
       "      <th>2</th>\n",
       "      <td>0.0</td>\n",
       "      <td>0.004220</td>\n",
       "      <td>0.007240</td>\n",
       "      <td>0.023707</td>\n",
       "      <td>0.037294</td>\n",
       "      <td>0.064086</td>\n",
       "      <td>0.066006</td>\n",
       "      <td>0.066990</td>\n",
       "      <td>0.071940</td>\n",
       "      <td>0.100162</td>\n",
       "      <td>0.101510</td>\n",
       "    </tr>\n",
       "    <tr>\n",
       "      <th>3</th>\n",
       "      <td>0.0</td>\n",
       "      <td>0.029203</td>\n",
       "      <td>0.030157</td>\n",
       "      <td>0.031145</td>\n",
       "      <td>0.036783</td>\n",
       "      <td>0.037294</td>\n",
       "      <td>0.040812</td>\n",
       "      <td>0.046770</td>\n",
       "      <td>0.047331</td>\n",
       "      <td>0.072571</td>\n",
       "      <td>0.072899</td>\n",
       "    </tr>\n",
       "    <tr>\n",
       "      <th>4</th>\n",
       "      <td>0.0</td>\n",
       "      <td>0.003667</td>\n",
       "      <td>0.028343</td>\n",
       "      <td>0.034163</td>\n",
       "      <td>0.047272</td>\n",
       "      <td>0.072571</td>\n",
       "      <td>0.093696</td>\n",
       "      <td>0.097240</td>\n",
       "      <td>0.100162</td>\n",
       "      <td>0.101321</td>\n",
       "      <td>0.109811</td>\n",
       "    </tr>\n",
       "    <tr>\n",
       "      <th>5</th>\n",
       "      <td>0.0</td>\n",
       "      <td>0.004220</td>\n",
       "      <td>0.007103</td>\n",
       "      <td>0.026684</td>\n",
       "      <td>0.036783</td>\n",
       "      <td>0.063138</td>\n",
       "      <td>0.065599</td>\n",
       "      <td>0.066653</td>\n",
       "      <td>0.068943</td>\n",
       "      <td>0.097240</td>\n",
       "      <td>0.098695</td>\n",
       "    </tr>\n",
       "    <tr>\n",
       "      <th>6</th>\n",
       "      <td>0.0</td>\n",
       "      <td>0.006538</td>\n",
       "      <td>0.028343</td>\n",
       "      <td>0.030082</td>\n",
       "      <td>0.031032</td>\n",
       "      <td>0.047331</td>\n",
       "      <td>0.065607</td>\n",
       "      <td>0.068943</td>\n",
       "      <td>0.071940</td>\n",
       "      <td>0.074877</td>\n",
       "      <td>0.089828</td>\n",
       "    </tr>\n",
       "    <tr>\n",
       "      <th>7</th>\n",
       "      <td>0.0</td>\n",
       "      <td>0.007103</td>\n",
       "      <td>0.007240</td>\n",
       "      <td>0.021072</td>\n",
       "      <td>0.030157</td>\n",
       "      <td>0.059540</td>\n",
       "      <td>0.059755</td>\n",
       "      <td>0.060212</td>\n",
       "      <td>0.065607</td>\n",
       "      <td>0.093696</td>\n",
       "      <td>0.094934</td>\n",
       "    </tr>\n",
       "    <tr>\n",
       "      <th>8</th>\n",
       "      <td>0.0</td>\n",
       "      <td>0.003667</td>\n",
       "      <td>0.030082</td>\n",
       "      <td>0.035562</td>\n",
       "      <td>0.046511</td>\n",
       "      <td>0.072899</td>\n",
       "      <td>0.094934</td>\n",
       "      <td>0.098695</td>\n",
       "      <td>0.101510</td>\n",
       "      <td>0.101840</td>\n",
       "      <td>0.108947</td>\n",
       "    </tr>\n",
       "    <tr>\n",
       "      <th>9</th>\n",
       "      <td>0.0</td>\n",
       "      <td>0.021072</td>\n",
       "      <td>0.023707</td>\n",
       "      <td>0.026684</td>\n",
       "      <td>0.029203</td>\n",
       "      <td>0.040544</td>\n",
       "      <td>0.059780</td>\n",
       "      <td>0.068370</td>\n",
       "      <td>0.074877</td>\n",
       "      <td>0.101321</td>\n",
       "      <td>0.101840</td>\n",
       "    </tr>\n",
       "    <tr>\n",
       "      <th>10</th>\n",
       "      <td>0.0</td>\n",
       "      <td>0.026774</td>\n",
       "      <td>0.031032</td>\n",
       "      <td>0.031145</td>\n",
       "      <td>0.046511</td>\n",
       "      <td>0.047272</td>\n",
       "      <td>0.059755</td>\n",
       "      <td>0.059780</td>\n",
       "      <td>0.062541</td>\n",
       "      <td>0.065599</td>\n",
       "      <td>0.066990</td>\n",
       "    </tr>\n",
       "  </tbody>\n",
       "</table>\n",
       "</div>"
      ],
      "text/plain": [
       "     0         1         2         3         4         5         6         7   \\\n",
       "0   0.0  0.040544  0.046770  0.060212  0.062541  0.064086  0.066653  0.083772   \n",
       "1   0.0  0.006538  0.026774  0.034163  0.035562  0.040812  0.059540  0.063138   \n",
       "2   0.0  0.004220  0.007240  0.023707  0.037294  0.064086  0.066006  0.066990   \n",
       "3   0.0  0.029203  0.030157  0.031145  0.036783  0.037294  0.040812  0.046770   \n",
       "4   0.0  0.003667  0.028343  0.034163  0.047272  0.072571  0.093696  0.097240   \n",
       "5   0.0  0.004220  0.007103  0.026684  0.036783  0.063138  0.065599  0.066653   \n",
       "6   0.0  0.006538  0.028343  0.030082  0.031032  0.047331  0.065607  0.068943   \n",
       "7   0.0  0.007103  0.007240  0.021072  0.030157  0.059540  0.059755  0.060212   \n",
       "8   0.0  0.003667  0.030082  0.035562  0.046511  0.072899  0.094934  0.098695   \n",
       "9   0.0  0.021072  0.023707  0.026684  0.029203  0.040544  0.059780  0.068370   \n",
       "10  0.0  0.026774  0.031032  0.031145  0.046511  0.047272  0.059755  0.059780   \n",
       "\n",
       "          8         9         10  \n",
       "0   0.089828  0.108947  0.109811  \n",
       "1   0.066006  0.068370  0.083772  \n",
       "2   0.071940  0.100162  0.101510  \n",
       "3   0.047331  0.072571  0.072899  \n",
       "4   0.100162  0.101321  0.109811  \n",
       "5   0.068943  0.097240  0.098695  \n",
       "6   0.071940  0.074877  0.089828  \n",
       "7   0.065607  0.093696  0.094934  \n",
       "8   0.101510  0.101840  0.108947  \n",
       "9   0.074877  0.101321  0.101840  \n",
       "10  0.062541  0.065599  0.066990  "
      ]
     },
     "execution_count": 49,
     "metadata": {},
     "output_type": "execute_result"
    }
   ],
   "source": [
    "tmp2 = pd.DataFrame(np.sort(tmp,axis = 1))\n",
    "tmp2"
   ]
  },
  {
   "cell_type": "code",
   "execution_count": 55,
   "metadata": {
    "collapsed": false
   },
   "outputs": [],
   "source": [
    "index_low = train[train['interest_level'] == 'low'].index\n",
    "index_medium = train[train['interest_level'] == 'medium'].index\n",
    "index_high = train[train['interest_level'] == 'high'].index"
   ]
  },
  {
   "cell_type": "code",
   "execution_count": 59,
   "metadata": {
    "collapsed": false
   },
   "outputs": [],
   "source": [
    "tmp_dist = euclidean_distances(train.loc[:10,['latitude','longitude']], train.loc[index_medium[:10],['latitude','longitude']])"
   ]
  },
  {
   "cell_type": "code",
   "execution_count": 60,
   "metadata": {
    "collapsed": false
   },
   "outputs": [
    {
     "data": {
      "text/html": [
       "<div>\n",
       "<table border=\"1\" class=\"dataframe\">\n",
       "  <thead>\n",
       "    <tr style=\"text-align: right;\">\n",
       "      <th></th>\n",
       "      <th>0</th>\n",
       "      <th>1</th>\n",
       "      <th>2</th>\n",
       "      <th>3</th>\n",
       "      <th>4</th>\n",
       "      <th>5</th>\n",
       "      <th>6</th>\n",
       "      <th>7</th>\n",
       "      <th>8</th>\n",
       "      <th>9</th>\n",
       "    </tr>\n",
       "  </thead>\n",
       "  <tbody>\n",
       "    <tr>\n",
       "      <th>0</th>\n",
       "      <td>0.000000</td>\n",
       "      <td>0.043308</td>\n",
       "      <td>0.046442</td>\n",
       "      <td>0.056713</td>\n",
       "      <td>0.058806</td>\n",
       "      <td>0.065832</td>\n",
       "      <td>0.066653</td>\n",
       "      <td>0.079816</td>\n",
       "      <td>0.082324</td>\n",
       "      <td>0.108947</td>\n",
       "    </tr>\n",
       "    <tr>\n",
       "      <th>1</th>\n",
       "      <td>0.004632</td>\n",
       "      <td>0.010559</td>\n",
       "      <td>0.027420</td>\n",
       "      <td>0.035562</td>\n",
       "      <td>0.050907</td>\n",
       "      <td>0.051365</td>\n",
       "      <td>0.053528</td>\n",
       "      <td>0.061765</td>\n",
       "      <td>0.063138</td>\n",
       "      <td>0.083772</td>\n",
       "    </tr>\n",
       "    <tr>\n",
       "      <th>2</th>\n",
       "      <td>0.004220</td>\n",
       "      <td>0.008205</td>\n",
       "      <td>0.015377</td>\n",
       "      <td>0.022737</td>\n",
       "      <td>0.027969</td>\n",
       "      <td>0.057065</td>\n",
       "      <td>0.061628</td>\n",
       "      <td>0.061794</td>\n",
       "      <td>0.064086</td>\n",
       "      <td>0.101510</td>\n",
       "    </tr>\n",
       "    <tr>\n",
       "      <th>3</th>\n",
       "      <td>0.011982</td>\n",
       "      <td>0.016197</td>\n",
       "      <td>0.025758</td>\n",
       "      <td>0.028214</td>\n",
       "      <td>0.029830</td>\n",
       "      <td>0.036300</td>\n",
       "      <td>0.036750</td>\n",
       "      <td>0.036783</td>\n",
       "      <td>0.046770</td>\n",
       "      <td>0.072899</td>\n",
       "    </tr>\n",
       "    <tr>\n",
       "      <th>4</th>\n",
       "      <td>0.003667</td>\n",
       "      <td>0.038619</td>\n",
       "      <td>0.043546</td>\n",
       "      <td>0.051308</td>\n",
       "      <td>0.084006</td>\n",
       "      <td>0.085010</td>\n",
       "      <td>0.086787</td>\n",
       "      <td>0.095851</td>\n",
       "      <td>0.097240</td>\n",
       "      <td>0.109811</td>\n",
       "    </tr>\n",
       "    <tr>\n",
       "      <th>5</th>\n",
       "      <td>0.000000</td>\n",
       "      <td>0.009954</td>\n",
       "      <td>0.012232</td>\n",
       "      <td>0.023401</td>\n",
       "      <td>0.028518</td>\n",
       "      <td>0.053930</td>\n",
       "      <td>0.058841</td>\n",
       "      <td>0.060504</td>\n",
       "      <td>0.066653</td>\n",
       "      <td>0.098695</td>\n",
       "    </tr>\n",
       "    <tr>\n",
       "      <th>6</th>\n",
       "      <td>0.011146</td>\n",
       "      <td>0.015240</td>\n",
       "      <td>0.030082</td>\n",
       "      <td>0.032499</td>\n",
       "      <td>0.056721</td>\n",
       "      <td>0.057898</td>\n",
       "      <td>0.060015</td>\n",
       "      <td>0.067957</td>\n",
       "      <td>0.068943</td>\n",
       "      <td>0.089828</td>\n",
       "    </tr>\n",
       "    <tr>\n",
       "      <th>7</th>\n",
       "      <td>0.004168</td>\n",
       "      <td>0.007103</td>\n",
       "      <td>0.010302</td>\n",
       "      <td>0.016300</td>\n",
       "      <td>0.021434</td>\n",
       "      <td>0.050962</td>\n",
       "      <td>0.054555</td>\n",
       "      <td>0.055088</td>\n",
       "      <td>0.060212</td>\n",
       "      <td>0.094934</td>\n",
       "    </tr>\n",
       "    <tr>\n",
       "      <th>8</th>\n",
       "      <td>0.000000</td>\n",
       "      <td>0.039883</td>\n",
       "      <td>0.045319</td>\n",
       "      <td>0.050800</td>\n",
       "      <td>0.084488</td>\n",
       "      <td>0.086465</td>\n",
       "      <td>0.087454</td>\n",
       "      <td>0.096958</td>\n",
       "      <td>0.098695</td>\n",
       "      <td>0.108947</td>\n",
       "    </tr>\n",
       "    <tr>\n",
       "      <th>9</th>\n",
       "      <td>0.014966</td>\n",
       "      <td>0.017074</td>\n",
       "      <td>0.017363</td>\n",
       "      <td>0.026684</td>\n",
       "      <td>0.029378</td>\n",
       "      <td>0.040544</td>\n",
       "      <td>0.054418</td>\n",
       "      <td>0.062086</td>\n",
       "      <td>0.063740</td>\n",
       "      <td>0.101840</td>\n",
       "    </tr>\n",
       "    <tr>\n",
       "      <th>10</th>\n",
       "      <td>0.005391</td>\n",
       "      <td>0.024942</td>\n",
       "      <td>0.031974</td>\n",
       "      <td>0.043020</td>\n",
       "      <td>0.046511</td>\n",
       "      <td>0.047317</td>\n",
       "      <td>0.054698</td>\n",
       "      <td>0.060237</td>\n",
       "      <td>0.062541</td>\n",
       "      <td>0.065599</td>\n",
       "    </tr>\n",
       "  </tbody>\n",
       "</table>\n",
       "</div>"
      ],
      "text/plain": [
       "           0         1         2         3         4         5         6  \\\n",
       "0   0.000000  0.043308  0.046442  0.056713  0.058806  0.065832  0.066653   \n",
       "1   0.004632  0.010559  0.027420  0.035562  0.050907  0.051365  0.053528   \n",
       "2   0.004220  0.008205  0.015377  0.022737  0.027969  0.057065  0.061628   \n",
       "3   0.011982  0.016197  0.025758  0.028214  0.029830  0.036300  0.036750   \n",
       "4   0.003667  0.038619  0.043546  0.051308  0.084006  0.085010  0.086787   \n",
       "5   0.000000  0.009954  0.012232  0.023401  0.028518  0.053930  0.058841   \n",
       "6   0.011146  0.015240  0.030082  0.032499  0.056721  0.057898  0.060015   \n",
       "7   0.004168  0.007103  0.010302  0.016300  0.021434  0.050962  0.054555   \n",
       "8   0.000000  0.039883  0.045319  0.050800  0.084488  0.086465  0.087454   \n",
       "9   0.014966  0.017074  0.017363  0.026684  0.029378  0.040544  0.054418   \n",
       "10  0.005391  0.024942  0.031974  0.043020  0.046511  0.047317  0.054698   \n",
       "\n",
       "           7         8         9  \n",
       "0   0.079816  0.082324  0.108947  \n",
       "1   0.061765  0.063138  0.083772  \n",
       "2   0.061794  0.064086  0.101510  \n",
       "3   0.036783  0.046770  0.072899  \n",
       "4   0.095851  0.097240  0.109811  \n",
       "5   0.060504  0.066653  0.098695  \n",
       "6   0.067957  0.068943  0.089828  \n",
       "7   0.055088  0.060212  0.094934  \n",
       "8   0.096958  0.098695  0.108947  \n",
       "9   0.062086  0.063740  0.101840  \n",
       "10  0.060237  0.062541  0.065599  "
      ]
     },
     "execution_count": 60,
     "metadata": {},
     "output_type": "execute_result"
    }
   ],
   "source": [
    "tmp3 = pd.DataFrame(np.sort(tmp_dist,axis = 1))\n",
    "tmp3"
   ]
  },
  {
   "cell_type": "code",
   "execution_count": 64,
   "metadata": {
    "collapsed": false
   },
   "outputs": [],
   "source": [
    "tmp_dist = euclidean_distances(train.loc[:10,features_to_use], train.loc[index_medium[:10],features_to_use])"
   ]
  },
  {
   "cell_type": "code",
   "execution_count": 69,
   "metadata": {
    "collapsed": false
   },
   "outputs": [
    {
     "data": {
      "text/html": [
       "<div>\n",
       "<table border=\"1\" class=\"dataframe\">\n",
       "  <thead>\n",
       "    <tr style=\"text-align: right;\">\n",
       "      <th></th>\n",
       "      <th>0</th>\n",
       "      <th>1</th>\n",
       "      <th>2</th>\n",
       "      <th>3</th>\n",
       "    </tr>\n",
       "  </thead>\n",
       "  <tbody>\n",
       "    <tr>\n",
       "      <th>0</th>\n",
       "      <td>0.000000</td>\n",
       "      <td>4611.360108</td>\n",
       "      <td>6160.037266</td>\n",
       "      <td>8361.730490</td>\n",
       "    </tr>\n",
       "    <tr>\n",
       "      <th>1</th>\n",
       "      <td>3692.603935</td>\n",
       "      <td>5814.866685</td>\n",
       "      <td>6137.675527</td>\n",
       "      <td>9325.666016</td>\n",
       "    </tr>\n",
       "    <tr>\n",
       "      <th>2</th>\n",
       "      <td>5695.256227</td>\n",
       "      <td>5695.547986</td>\n",
       "      <td>6104.373848</td>\n",
       "      <td>8532.493097</td>\n",
       "    </tr>\n",
       "    <tr>\n",
       "      <th>3</th>\n",
       "      <td>4252.397736</td>\n",
       "      <td>5315.907029</td>\n",
       "      <td>6980.304745</td>\n",
       "      <td>7722.670488</td>\n",
       "    </tr>\n",
       "    <tr>\n",
       "      <th>4</th>\n",
       "      <td>1001.309529</td>\n",
       "      <td>4761.863141</td>\n",
       "      <td>6436.982685</td>\n",
       "      <td>7879.515546</td>\n",
       "    </tr>\n",
       "    <tr>\n",
       "      <th>5</th>\n",
       "      <td>0.000000</td>\n",
       "      <td>4490.934778</td>\n",
       "      <td>5234.440708</td>\n",
       "      <td>7144.551969</td>\n",
       "    </tr>\n",
       "    <tr>\n",
       "      <th>6</th>\n",
       "      <td>5097.687038</td>\n",
       "      <td>8405.028383</td>\n",
       "      <td>10744.357005</td>\n",
       "      <td>10747.601065</td>\n",
       "    </tr>\n",
       "    <tr>\n",
       "      <th>7</th>\n",
       "      <td>8947.463734</td>\n",
       "      <td>11635.479497</td>\n",
       "      <td>12419.727865</td>\n",
       "      <td>13414.985997</td>\n",
       "    </tr>\n",
       "    <tr>\n",
       "      <th>8</th>\n",
       "      <td>0.000000</td>\n",
       "      <td>4611.360108</td>\n",
       "      <td>5022.059653</td>\n",
       "      <td>7153.097122</td>\n",
       "    </tr>\n",
       "    <tr>\n",
       "      <th>9</th>\n",
       "      <td>7845.350413</td>\n",
       "      <td>8607.303353</td>\n",
       "      <td>9841.691423</td>\n",
       "      <td>10074.602592</td>\n",
       "    </tr>\n",
       "    <tr>\n",
       "      <th>10</th>\n",
       "      <td>7985.626276</td>\n",
       "      <td>10643.301579</td>\n",
       "      <td>12840.928199</td>\n",
       "      <td>13275.907114</td>\n",
       "    </tr>\n",
       "  </tbody>\n",
       "</table>\n",
       "</div>"
      ],
      "text/plain": [
       "              0             1             2             3\n",
       "0      0.000000   4611.360108   6160.037266   8361.730490\n",
       "1   3692.603935   5814.866685   6137.675527   9325.666016\n",
       "2   5695.256227   5695.547986   6104.373848   8532.493097\n",
       "3   4252.397736   5315.907029   6980.304745   7722.670488\n",
       "4   1001.309529   4761.863141   6436.982685   7879.515546\n",
       "5      0.000000   4490.934778   5234.440708   7144.551969\n",
       "6   5097.687038   8405.028383  10744.357005  10747.601065\n",
       "7   8947.463734  11635.479497  12419.727865  13414.985997\n",
       "8      0.000000   4611.360108   5022.059653   7153.097122\n",
       "9   7845.350413   8607.303353   9841.691423  10074.602592\n",
       "10  7985.626276  10643.301579  12840.928199  13275.907114"
      ]
     },
     "execution_count": 69,
     "metadata": {},
     "output_type": "execute_result"
    }
   ],
   "source": [
    "tmp4 = pd.DataFrame(np.sort(tmp_dist,axis = 1)).loc[:,:3]\n",
    "tmp4"
   ]
  },
  {
   "cell_type": "code",
   "execution_count": null,
   "metadata": {
    "collapsed": true
   },
   "outputs": [],
   "source": []
  }
 ],
 "metadata": {
  "anaconda-cloud": {},
  "kernelspec": {
   "display_name": "Python [conda root]",
   "language": "python",
   "name": "conda-root-py"
  },
  "language_info": {
   "codemirror_mode": {
    "name": "ipython",
    "version": 2
   },
   "file_extension": ".py",
   "mimetype": "text/x-python",
   "name": "python",
   "nbconvert_exporter": "python",
   "pygments_lexer": "ipython2",
   "version": "2.7.12"
  }
 },
 "nbformat": 4,
 "nbformat_minor": 1
}
