{
 "cells": [
  {
   "cell_type": "code",
   "execution_count": 2,
   "metadata": {
    "collapsed": false
   },
   "outputs": [],
   "source": [
    "import time\n",
    "import numpy as np\n",
    "import pandas as pd\n",
    "\n",
    "from scipy import sparse\n",
    "from scipy.stats.mstats import gmean\n",
    "from datetime import datetime\n",
    "from sklearn import preprocessing\n",
    "from scipy.stats import skew, boxcox,boxcox_normmax\n",
    "from sklearn.model_selection import train_test_split, StratifiedKFold, KFold\n",
    "from sklearn.feature_extraction.text import TfidfVectorizer, CountVectorizer\n",
    "from bayes_opt import BayesianOptimization\n",
    "from sklearn.metrics import log_loss\n",
    "\n",
    "import matplotlib.pyplot as plt\n",
    "import seaborn as sns\n",
    "%matplotlib inline\n",
    "\n",
    "seed = 1234\n"
   ]
  },
  {
   "cell_type": "markdown",
   "metadata": {},
   "source": [
    "# Load Data"
   ]
  },
  {
   "cell_type": "code",
   "execution_count": 4,
   "metadata": {
    "collapsed": true
   },
   "outputs": [],
   "source": [
    "data_path = \"../input/\"\n",
    "# train_X = pd.read_csv(data_path + 'train_BM_0331.csv')\n",
    "test_X = pd.read_csv(data_path + 'test_BM_0331.csv')\n",
    "\n",
    "# train_y = np.ravel(pd.read_csv('../input/' + 'labels_BrandenMurray.csv'))\n",
    "# train_y = to_categorical(train_y)\n",
    "\n",
    "# ntrain = train_X.shape[0]\n",
    "sub_id = test_X.listing_id.astype('int32').values"
   ]
  },
  {
   "cell_type": "code",
   "execution_count": 15,
   "metadata": {
    "collapsed": false
   },
   "outputs": [
    {
     "name": "stdout",
     "output_type": "stream",
     "text": [
      "(74659, 3)\n"
     ]
    }
   ],
   "source": [
    "data_path = \"../\"\n",
    "# train_X = pd.read_csv(data_path + 'train_BM_MB_add03052240_desc.csv')\n",
    "test_X = pd.read_csv(data_path + 'test_2ndkares.csv',header=None)\n",
    "# train_y = np.ravel(pd.read_csv(data_path + 'labels_BrandenMurray.csv'))\n",
    "\n",
    "# all_features = features_to_use + desc_sparse_cols + feat_sparse_cols\n",
    "print test_X.shape"
   ]
  },
  {
   "cell_type": "code",
   "execution_count": 16,
   "metadata": {
    "collapsed": true
   },
   "outputs": [],
   "source": [
    "tmp = test_X/33"
   ]
  },
  {
   "cell_type": "code",
   "execution_count": 17,
   "metadata": {
    "collapsed": false
   },
   "outputs": [],
   "source": [
    "# now = datetime.now()\n",
    "sub_name = '../output/sub_2ndKeras_100bagging_1_' + str(now.strftime(\"%Y-%m-%d-%H-%M\")) + '.csv'\n",
    "\n",
    "out_df = pd.DataFrame(tmp)\n",
    "out_df.columns = [\"low\", \"medium\", \"high\"]\n",
    "out_df[\"listing_id\"] = sub_id\n",
    "out_df.to_csv(sub_name, index=False)"
   ]
  },
  {
   "cell_type": "code",
   "execution_count": 18,
   "metadata": {
    "collapsed": false
   },
   "outputs": [
    {
     "data": {
      "text/html": [
       "<div>\n",
       "<table border=\"1\" class=\"dataframe\">\n",
       "  <thead>\n",
       "    <tr style=\"text-align: right;\">\n",
       "      <th></th>\n",
       "      <th>low</th>\n",
       "      <th>medium</th>\n",
       "      <th>high</th>\n",
       "      <th>listing_id</th>\n",
       "    </tr>\n",
       "  </thead>\n",
       "  <tbody>\n",
       "    <tr>\n",
       "      <th>0</th>\n",
       "      <td>0.184460</td>\n",
       "      <td>0.668446</td>\n",
       "      <td>0.147093</td>\n",
       "      <td>7142618</td>\n",
       "    </tr>\n",
       "    <tr>\n",
       "      <th>1</th>\n",
       "      <td>0.992886</td>\n",
       "      <td>0.006776</td>\n",
       "      <td>0.000339</td>\n",
       "      <td>7210040</td>\n",
       "    </tr>\n",
       "    <tr>\n",
       "      <th>2</th>\n",
       "      <td>0.982917</td>\n",
       "      <td>0.016380</td>\n",
       "      <td>0.000703</td>\n",
       "      <td>7174566</td>\n",
       "    </tr>\n",
       "    <tr>\n",
       "      <th>3</th>\n",
       "      <td>0.135420</td>\n",
       "      <td>0.573688</td>\n",
       "      <td>0.290892</td>\n",
       "      <td>7191391</td>\n",
       "    </tr>\n",
       "    <tr>\n",
       "      <th>4</th>\n",
       "      <td>0.801136</td>\n",
       "      <td>0.193431</td>\n",
       "      <td>0.005433</td>\n",
       "      <td>7171695</td>\n",
       "    </tr>\n",
       "    <tr>\n",
       "      <th>5</th>\n",
       "      <td>0.810894</td>\n",
       "      <td>0.185443</td>\n",
       "      <td>0.003662</td>\n",
       "      <td>7225206</td>\n",
       "    </tr>\n",
       "    <tr>\n",
       "      <th>6</th>\n",
       "      <td>0.997962</td>\n",
       "      <td>0.001891</td>\n",
       "      <td>0.000148</td>\n",
       "      <td>7200075</td>\n",
       "    </tr>\n",
       "    <tr>\n",
       "      <th>7</th>\n",
       "      <td>0.247026</td>\n",
       "      <td>0.498261</td>\n",
       "      <td>0.254714</td>\n",
       "      <td>7145074</td>\n",
       "    </tr>\n",
       "    <tr>\n",
       "      <th>8</th>\n",
       "      <td>0.957108</td>\n",
       "      <td>0.041677</td>\n",
       "      <td>0.001215</td>\n",
       "      <td>7193645</td>\n",
       "    </tr>\n",
       "    <tr>\n",
       "      <th>9</th>\n",
       "      <td>0.992094</td>\n",
       "      <td>0.007647</td>\n",
       "      <td>0.000259</td>\n",
       "      <td>7147703</td>\n",
       "    </tr>\n",
       "    <tr>\n",
       "      <th>10</th>\n",
       "      <td>0.945640</td>\n",
       "      <td>0.051756</td>\n",
       "      <td>0.002605</td>\n",
       "      <td>7182218</td>\n",
       "    </tr>\n",
       "    <tr>\n",
       "      <th>11</th>\n",
       "      <td>0.753815</td>\n",
       "      <td>0.238884</td>\n",
       "      <td>0.007301</td>\n",
       "      <td>7132136</td>\n",
       "    </tr>\n",
       "    <tr>\n",
       "      <th>12</th>\n",
       "      <td>0.325091</td>\n",
       "      <td>0.561396</td>\n",
       "      <td>0.113513</td>\n",
       "      <td>7130670</td>\n",
       "    </tr>\n",
       "    <tr>\n",
       "      <th>13</th>\n",
       "      <td>0.997343</td>\n",
       "      <td>0.002565</td>\n",
       "      <td>0.000092</td>\n",
       "      <td>7151855</td>\n",
       "    </tr>\n",
       "    <tr>\n",
       "      <th>14</th>\n",
       "      <td>0.887929</td>\n",
       "      <td>0.108599</td>\n",
       "      <td>0.003473</td>\n",
       "      <td>7158358</td>\n",
       "    </tr>\n",
       "    <tr>\n",
       "      <th>15</th>\n",
       "      <td>0.821427</td>\n",
       "      <td>0.173177</td>\n",
       "      <td>0.005396</td>\n",
       "      <td>7221001</td>\n",
       "    </tr>\n",
       "    <tr>\n",
       "      <th>16</th>\n",
       "      <td>0.118765</td>\n",
       "      <td>0.417263</td>\n",
       "      <td>0.463973</td>\n",
       "      <td>7100305</td>\n",
       "    </tr>\n",
       "    <tr>\n",
       "      <th>17</th>\n",
       "      <td>0.402006</td>\n",
       "      <td>0.542216</td>\n",
       "      <td>0.055778</td>\n",
       "      <td>7096581</td>\n",
       "    </tr>\n",
       "    <tr>\n",
       "      <th>18</th>\n",
       "      <td>0.220901</td>\n",
       "      <td>0.667243</td>\n",
       "      <td>0.111856</td>\n",
       "      <td>7177904</td>\n",
       "    </tr>\n",
       "    <tr>\n",
       "      <th>19</th>\n",
       "      <td>0.996496</td>\n",
       "      <td>0.003325</td>\n",
       "      <td>0.000179</td>\n",
       "      <td>7122823</td>\n",
       "    </tr>\n",
       "    <tr>\n",
       "      <th>20</th>\n",
       "      <td>0.947576</td>\n",
       "      <td>0.050848</td>\n",
       "      <td>0.001576</td>\n",
       "      <td>7183502</td>\n",
       "    </tr>\n",
       "    <tr>\n",
       "      <th>21</th>\n",
       "      <td>0.131310</td>\n",
       "      <td>0.707878</td>\n",
       "      <td>0.160812</td>\n",
       "      <td>7170627</td>\n",
       "    </tr>\n",
       "    <tr>\n",
       "      <th>22</th>\n",
       "      <td>0.318086</td>\n",
       "      <td>0.532249</td>\n",
       "      <td>0.149666</td>\n",
       "      <td>7154826</td>\n",
       "    </tr>\n",
       "    <tr>\n",
       "      <th>23</th>\n",
       "      <td>0.911205</td>\n",
       "      <td>0.083698</td>\n",
       "      <td>0.005097</td>\n",
       "      <td>7155276</td>\n",
       "    </tr>\n",
       "    <tr>\n",
       "      <th>24</th>\n",
       "      <td>0.880253</td>\n",
       "      <td>0.106260</td>\n",
       "      <td>0.013486</td>\n",
       "      <td>7126641</td>\n",
       "    </tr>\n",
       "    <tr>\n",
       "      <th>25</th>\n",
       "      <td>0.601008</td>\n",
       "      <td>0.342845</td>\n",
       "      <td>0.056147</td>\n",
       "      <td>7096119</td>\n",
       "    </tr>\n",
       "    <tr>\n",
       "      <th>26</th>\n",
       "      <td>0.967058</td>\n",
       "      <td>0.032010</td>\n",
       "      <td>0.000932</td>\n",
       "      <td>7197172</td>\n",
       "    </tr>\n",
       "    <tr>\n",
       "      <th>27</th>\n",
       "      <td>0.858130</td>\n",
       "      <td>0.130563</td>\n",
       "      <td>0.011308</td>\n",
       "      <td>7189973</td>\n",
       "    </tr>\n",
       "    <tr>\n",
       "      <th>28</th>\n",
       "      <td>0.768633</td>\n",
       "      <td>0.204308</td>\n",
       "      <td>0.027059</td>\n",
       "      <td>7123008</td>\n",
       "    </tr>\n",
       "    <tr>\n",
       "      <th>29</th>\n",
       "      <td>0.713704</td>\n",
       "      <td>0.271197</td>\n",
       "      <td>0.015099</td>\n",
       "      <td>7146900</td>\n",
       "    </tr>\n",
       "    <tr>\n",
       "      <th>...</th>\n",
       "      <td>...</td>\n",
       "      <td>...</td>\n",
       "      <td>...</td>\n",
       "      <td>...</td>\n",
       "    </tr>\n",
       "    <tr>\n",
       "      <th>74629</th>\n",
       "      <td>0.366256</td>\n",
       "      <td>0.501180</td>\n",
       "      <td>0.132564</td>\n",
       "      <td>6883105</td>\n",
       "    </tr>\n",
       "    <tr>\n",
       "      <th>74630</th>\n",
       "      <td>0.751932</td>\n",
       "      <td>0.229938</td>\n",
       "      <td>0.018130</td>\n",
       "      <td>6855306</td>\n",
       "    </tr>\n",
       "    <tr>\n",
       "      <th>74631</th>\n",
       "      <td>0.242644</td>\n",
       "      <td>0.518328</td>\n",
       "      <td>0.239028</td>\n",
       "      <td>6838009</td>\n",
       "    </tr>\n",
       "    <tr>\n",
       "      <th>74632</th>\n",
       "      <td>0.343858</td>\n",
       "      <td>0.528258</td>\n",
       "      <td>0.127884</td>\n",
       "      <td>6872813</td>\n",
       "    </tr>\n",
       "    <tr>\n",
       "      <th>74633</th>\n",
       "      <td>0.402319</td>\n",
       "      <td>0.450914</td>\n",
       "      <td>0.146767</td>\n",
       "      <td>6945631</td>\n",
       "    </tr>\n",
       "    <tr>\n",
       "      <th>74634</th>\n",
       "      <td>0.995244</td>\n",
       "      <td>0.004455</td>\n",
       "      <td>0.000301</td>\n",
       "      <td>6857039</td>\n",
       "    </tr>\n",
       "    <tr>\n",
       "      <th>74635</th>\n",
       "      <td>0.724088</td>\n",
       "      <td>0.257388</td>\n",
       "      <td>0.018524</td>\n",
       "      <td>6912115</td>\n",
       "    </tr>\n",
       "    <tr>\n",
       "      <th>74636</th>\n",
       "      <td>0.996451</td>\n",
       "      <td>0.003272</td>\n",
       "      <td>0.000278</td>\n",
       "      <td>6860317</td>\n",
       "    </tr>\n",
       "    <tr>\n",
       "      <th>74637</th>\n",
       "      <td>0.996920</td>\n",
       "      <td>0.002969</td>\n",
       "      <td>0.000111</td>\n",
       "      <td>6933426</td>\n",
       "    </tr>\n",
       "    <tr>\n",
       "      <th>74638</th>\n",
       "      <td>0.992064</td>\n",
       "      <td>0.007290</td>\n",
       "      <td>0.000646</td>\n",
       "      <td>6854300</td>\n",
       "    </tr>\n",
       "    <tr>\n",
       "      <th>74639</th>\n",
       "      <td>0.402951</td>\n",
       "      <td>0.475426</td>\n",
       "      <td>0.121623</td>\n",
       "      <td>6861347</td>\n",
       "    </tr>\n",
       "    <tr>\n",
       "      <th>74640</th>\n",
       "      <td>0.078465</td>\n",
       "      <td>0.194196</td>\n",
       "      <td>0.727339</td>\n",
       "      <td>6851904</td>\n",
       "    </tr>\n",
       "    <tr>\n",
       "      <th>74641</th>\n",
       "      <td>0.990801</td>\n",
       "      <td>0.008979</td>\n",
       "      <td>0.000221</td>\n",
       "      <td>7339909</td>\n",
       "    </tr>\n",
       "    <tr>\n",
       "      <th>74642</th>\n",
       "      <td>0.241282</td>\n",
       "      <td>0.591204</td>\n",
       "      <td>0.167514</td>\n",
       "      <td>6850648</td>\n",
       "    </tr>\n",
       "    <tr>\n",
       "      <th>74643</th>\n",
       "      <td>0.994380</td>\n",
       "      <td>0.005411</td>\n",
       "      <td>0.000209</td>\n",
       "      <td>6919964</td>\n",
       "    </tr>\n",
       "    <tr>\n",
       "      <th>74644</th>\n",
       "      <td>0.267157</td>\n",
       "      <td>0.605024</td>\n",
       "      <td>0.127819</td>\n",
       "      <td>6830830</td>\n",
       "    </tr>\n",
       "    <tr>\n",
       "      <th>74645</th>\n",
       "      <td>0.994581</td>\n",
       "      <td>0.004896</td>\n",
       "      <td>0.000523</td>\n",
       "      <td>6857035</td>\n",
       "    </tr>\n",
       "    <tr>\n",
       "      <th>74646</th>\n",
       "      <td>0.106934</td>\n",
       "      <td>0.384163</td>\n",
       "      <td>0.508903</td>\n",
       "      <td>6845466</td>\n",
       "    </tr>\n",
       "    <tr>\n",
       "      <th>74647</th>\n",
       "      <td>0.890541</td>\n",
       "      <td>0.104497</td>\n",
       "      <td>0.004962</td>\n",
       "      <td>6875334</td>\n",
       "    </tr>\n",
       "    <tr>\n",
       "      <th>74648</th>\n",
       "      <td>0.798661</td>\n",
       "      <td>0.194625</td>\n",
       "      <td>0.006714</td>\n",
       "      <td>6945518</td>\n",
       "    </tr>\n",
       "    <tr>\n",
       "      <th>74649</th>\n",
       "      <td>0.639633</td>\n",
       "      <td>0.339955</td>\n",
       "      <td>0.020412</td>\n",
       "      <td>6823696</td>\n",
       "    </tr>\n",
       "    <tr>\n",
       "      <th>74650</th>\n",
       "      <td>0.526401</td>\n",
       "      <td>0.435418</td>\n",
       "      <td>0.038180</td>\n",
       "      <td>6894943</td>\n",
       "    </tr>\n",
       "    <tr>\n",
       "      <th>74651</th>\n",
       "      <td>0.940170</td>\n",
       "      <td>0.058030</td>\n",
       "      <td>0.001801</td>\n",
       "      <td>6904613</td>\n",
       "    </tr>\n",
       "    <tr>\n",
       "      <th>74652</th>\n",
       "      <td>0.990017</td>\n",
       "      <td>0.009515</td>\n",
       "      <td>0.000468</td>\n",
       "      <td>6814215</td>\n",
       "    </tr>\n",
       "    <tr>\n",
       "      <th>74653</th>\n",
       "      <td>0.204105</td>\n",
       "      <td>0.575781</td>\n",
       "      <td>0.220114</td>\n",
       "      <td>6831010</td>\n",
       "    </tr>\n",
       "    <tr>\n",
       "      <th>74654</th>\n",
       "      <td>0.207585</td>\n",
       "      <td>0.515306</td>\n",
       "      <td>0.277108</td>\n",
       "      <td>6928108</td>\n",
       "    </tr>\n",
       "    <tr>\n",
       "      <th>74655</th>\n",
       "      <td>0.768402</td>\n",
       "      <td>0.221959</td>\n",
       "      <td>0.009638</td>\n",
       "      <td>6906674</td>\n",
       "    </tr>\n",
       "    <tr>\n",
       "      <th>74656</th>\n",
       "      <td>0.992238</td>\n",
       "      <td>0.007351</td>\n",
       "      <td>0.000411</td>\n",
       "      <td>6897967</td>\n",
       "    </tr>\n",
       "    <tr>\n",
       "      <th>74657</th>\n",
       "      <td>0.976807</td>\n",
       "      <td>0.022561</td>\n",
       "      <td>0.000632</td>\n",
       "      <td>6842183</td>\n",
       "    </tr>\n",
       "    <tr>\n",
       "      <th>74658</th>\n",
       "      <td>0.589607</td>\n",
       "      <td>0.385935</td>\n",
       "      <td>0.024458</td>\n",
       "      <td>6889319</td>\n",
       "    </tr>\n",
       "  </tbody>\n",
       "</table>\n",
       "<p>74659 rows × 4 columns</p>\n",
       "</div>"
      ],
      "text/plain": [
       "            low    medium      high  listing_id\n",
       "0      0.184460  0.668446  0.147093     7142618\n",
       "1      0.992886  0.006776  0.000339     7210040\n",
       "2      0.982917  0.016380  0.000703     7174566\n",
       "3      0.135420  0.573688  0.290892     7191391\n",
       "4      0.801136  0.193431  0.005433     7171695\n",
       "5      0.810894  0.185443  0.003662     7225206\n",
       "6      0.997962  0.001891  0.000148     7200075\n",
       "7      0.247026  0.498261  0.254714     7145074\n",
       "8      0.957108  0.041677  0.001215     7193645\n",
       "9      0.992094  0.007647  0.000259     7147703\n",
       "10     0.945640  0.051756  0.002605     7182218\n",
       "11     0.753815  0.238884  0.007301     7132136\n",
       "12     0.325091  0.561396  0.113513     7130670\n",
       "13     0.997343  0.002565  0.000092     7151855\n",
       "14     0.887929  0.108599  0.003473     7158358\n",
       "15     0.821427  0.173177  0.005396     7221001\n",
       "16     0.118765  0.417263  0.463973     7100305\n",
       "17     0.402006  0.542216  0.055778     7096581\n",
       "18     0.220901  0.667243  0.111856     7177904\n",
       "19     0.996496  0.003325  0.000179     7122823\n",
       "20     0.947576  0.050848  0.001576     7183502\n",
       "21     0.131310  0.707878  0.160812     7170627\n",
       "22     0.318086  0.532249  0.149666     7154826\n",
       "23     0.911205  0.083698  0.005097     7155276\n",
       "24     0.880253  0.106260  0.013486     7126641\n",
       "25     0.601008  0.342845  0.056147     7096119\n",
       "26     0.967058  0.032010  0.000932     7197172\n",
       "27     0.858130  0.130563  0.011308     7189973\n",
       "28     0.768633  0.204308  0.027059     7123008\n",
       "29     0.713704  0.271197  0.015099     7146900\n",
       "...         ...       ...       ...         ...\n",
       "74629  0.366256  0.501180  0.132564     6883105\n",
       "74630  0.751932  0.229938  0.018130     6855306\n",
       "74631  0.242644  0.518328  0.239028     6838009\n",
       "74632  0.343858  0.528258  0.127884     6872813\n",
       "74633  0.402319  0.450914  0.146767     6945631\n",
       "74634  0.995244  0.004455  0.000301     6857039\n",
       "74635  0.724088  0.257388  0.018524     6912115\n",
       "74636  0.996451  0.003272  0.000278     6860317\n",
       "74637  0.996920  0.002969  0.000111     6933426\n",
       "74638  0.992064  0.007290  0.000646     6854300\n",
       "74639  0.402951  0.475426  0.121623     6861347\n",
       "74640  0.078465  0.194196  0.727339     6851904\n",
       "74641  0.990801  0.008979  0.000221     7339909\n",
       "74642  0.241282  0.591204  0.167514     6850648\n",
       "74643  0.994380  0.005411  0.000209     6919964\n",
       "74644  0.267157  0.605024  0.127819     6830830\n",
       "74645  0.994581  0.004896  0.000523     6857035\n",
       "74646  0.106934  0.384163  0.508903     6845466\n",
       "74647  0.890541  0.104497  0.004962     6875334\n",
       "74648  0.798661  0.194625  0.006714     6945518\n",
       "74649  0.639633  0.339955  0.020412     6823696\n",
       "74650  0.526401  0.435418  0.038180     6894943\n",
       "74651  0.940170  0.058030  0.001801     6904613\n",
       "74652  0.990017  0.009515  0.000468     6814215\n",
       "74653  0.204105  0.575781  0.220114     6831010\n",
       "74654  0.207585  0.515306  0.277108     6928108\n",
       "74655  0.768402  0.221959  0.009638     6906674\n",
       "74656  0.992238  0.007351  0.000411     6897967\n",
       "74657  0.976807  0.022561  0.000632     6842183\n",
       "74658  0.589607  0.385935  0.024458     6889319\n",
       "\n",
       "[74659 rows x 4 columns]"
      ]
     },
     "execution_count": 18,
     "metadata": {},
     "output_type": "execute_result"
    }
   ],
   "source": [
    "tmp"
   ]
  },
  {
   "cell_type": "code",
   "execution_count": null,
   "metadata": {
    "collapsed": true
   },
   "outputs": [],
   "source": []
  }
 ],
 "metadata": {
  "anaconda-cloud": {},
  "kernelspec": {
   "display_name": "Python [conda root]",
   "language": "python",
   "name": "conda-root-py"
  },
  "language_info": {
   "codemirror_mode": {
    "name": "ipython",
    "version": 2
   },
   "file_extension": ".py",
   "mimetype": "text/x-python",
   "name": "python",
   "nbconvert_exporter": "python",
   "pygments_lexer": "ipython2",
   "version": "2.7.12"
  }
 },
 "nbformat": 4,
 "nbformat_minor": 1
}
